95
32
40
4096
32   0.0        8
33 ! 0.0        11
34 " 11		22
35 # 33		22
36 $ 54		27
37 % 79 	32
38 & 111	34
39 ' 146	13
40 ( 158	19
41 ) 177	20
42 * 198	24
43 + 223 	24
44 , 248	12
45 - 260	12
46 . 273	9
47 / 282	19
48 0 302	24
49 1 326	22
50 2 347	24
51 3 372	23
52 4 396	24
53 5 420	23
54 6 443	23
55 7 467	23
56 8 489	24
57 9 514	23
58 : 537	12
59 ; 549	13
60 < 560	24
61 = 585	22
62 > 607	23
63 ? 630	20
64 @ 650	28
65 A 678	33
66 B 711	28
67 C 739	28
68 D 767	31
69 E 798	28
70 F 826	26
71 G 852	31
72 H 883	31
73 I 914	16
74 J 930	25
75 K 955	33
76 L 988	25
77 M 1013	34
78 N 1047	33
79 O 1080	30
80 P 1110	27
81 Q 1137	30
82 R 1167	31
83 S 1199	24
84 T 1223	28
85 U 1251	32
86 V 1283	32
87 W 1315	41
88 X 1356	31
89 Y 1387	30
90 Z 1417	28
91 [ 1445	17
92 \ 1463	27
93 ] 1490	22
94 ^ 1513	23
95 _ 1536	21
96 ` 1557	13
97 a 1569	23
98 b 1593	25
99 c 1618	21
100 d 1639	25
101 e 1664	21
102 f 1685	17
103 g 1702	23
104 h 1725	26
105 i 1751	14
106 j 1766	13
107 k 1779	29
108 l 1808	14
109 m 1822	38
110 n 1860	27
111 o 1887	23
112 p 1910	26
113 q 1936	26
114 r 1963	22
115 s 1986	18
116 t 2003	20
117 u 2022	27
118 v 2049	25
119 w 2074	38
120 x 2112	24
121 y 2136	24
122 z 2160	22
123 { 2181	20
124 | 2203	13
125 } 2219	20
126 ~ 2238	22
